no
poly
expsqrt
f27f109c-65db-11ee-9584-06d3d91a3a1d [[1, 0], [1]]
balanced
26f3b330-724a-11ee-bd7b-06d3d91a3a1d [[-2, -5, -2], [9, 33, 28]];pi
3c105d44-774b-11ee-a381-06d3d91a3a1d [[-2, -3, -1], [9, 15, 4]];pi
96b8571c-7357-11ee-b2ac-06d3d91a3a1d [[-1], [9]];phi
6fe3e0a6-9dd8-11ee-875d-06d3d91a3a1d [[2], [9]];sqrt17
cb62b350-9d72-11ee-b056-06d3d91a3a1d [[2, 1], [1, 0]]
2563771a-774c-11ee-a38d-06d3d91a3a1d [[-2, -7, -3], [9, 51, 70]];pi
bba614c8-7349-11ee-8891-06d3d91a3a1d [[-2, -3, 0], [9, 21, 10]];pi
082c078a-774b-11ee-a37f-06d3d91a3a1d [[-2, -1], [9, 9]];pi
8b5e9a56-7349-11ee-8890-06d3d91a3a1d [[-2, -1, 0], [9, 15, 4]];pi
309a1976-86e8-11ee-8f28-06d3d91a3a1d [[1], [2]];sqrt3
57fe6a80-7748-11ee-ab6d-06d3d91a3a1d [[-2, -1], [9, 18]];pi
02b839ea-9dcf-11ee-b05d-06d3d91a3a1d [[-1, 0, 0], [16, 0, -4]]
350d92bc-7261-11ee-bd7d-06d3d91a3a1d [[1, 2, 0], [4, 8, 3]];pi
431d9456-7261-11ee-bd7e-06d3d91a3a1d [[1, 0, 0], [4, 0, -1]];pi
30b1f208-86e8-11ee-8f29-06d3d91a3a1d [[1], [4]];sqrt2
3f6580a8-7748-11ee-ab6c-06d3d91a3a1d [[-2, -5, -2], [9, 39, 40]];pi
a051fc66-7a5f-11ed-b166-062e44504f8c [[1], [1]];phi
70104d8a-9dd8-11ee-875f-06d3d91a3a1d [[2, 1, 0], [1, 3, 2]]
fddea56c-774a-11ee-a37e-06d3d91a3a1d [[-2, -3, -1], [9, 21, 10]];pi
f0e7672a-7260-11ee-bd7c-06d3d91a3a1d [[1, 4, 0], [4, 16, 15]];pi
ef9da2b4-774a-11ee-a37d-06d3d91a3a1d [[-2, -7, -3], [9, 39, 40]];pi
fact
28980698-86e8-11ee-8ed1-06d3d91a3a1d [[-1, 0], [4, -20, 24]]
2ff689f0-86e8-11ee-8f21-06d3d91a3a1d [[1], [1, 1, 0]];C_1
2c5f322e-86e8-11ee-8efa-06d3d91a3a1d [[1, 0], [4, -16, 15]]
2d1c2b40-86e8-11ee-8f02-06d3d91a3a1d [[-2, -1], [1, 5, 6]]
cca95eb4-7a5d-11ed-b146-062e44504f8c [[1, 0], [1, 5, 6]];e
2d7a4338-86e8-11ee-8f06-06d3d91a3a1d [[-1, 0], [4, 8, 3]]
2ae60580-86e8-11ee-8eea-06d3d91a3a1d [[-1, 0], [4, -12, 8]]
2b151230-86e8-11ee-8eec-06d3d91a3a1d [[2, 1], [4, -8, 3]]
2cd578b2-86e8-11ee-8eff-06d3d91a3a1d [[-1, 0], [2, -10, 12]]
2ec398c0-86e8-11ee-8f14-06d3d91a3a1d [[1, 0], [4, 8, 3]]
e5d0bb76-7a5d-11ed-b149-062e44504f8c [[1, 0], [1, 3, 2]];e
293ce442-86e8-11ee-8ed8-06d3d91a3a1d [[1, 0], [2, -10, 12]]
2eac15b0-86e8-11ee-8f13-06d3d91a3a1d [[2, 0], [1, 5, 6]];e^2
28222a54-86e8-11ee-8ecc-06d3d91a3a1d [[2, 1], [1, -5, 6]]
5863c5e4-7a5d-11ed-b13f-062e44504f8c [[-1, 0], [1, 3, 2]];e^2
2e93a4bc-86e8-11ee-8f12-06d3d91a3a1d [[2, 0], [4, 8, 3]];e^2
2b5bbdc0-86e8-11ee-8eef-06d3d91a3a1d [[-2, -1], [1, 3, 2]]
c69acb52-7a5d-11ed-b145-062e44504f8c [[-1, 0], [1, 9, 20]];e
2ab6ceaa-86e8-11ee-8ee8-06d3d91a3a1d [[-1, 0], [4, -16, 15]]
279588b0-86e8-11ee-8ec6-06d3d91a3a1d [[1, 0], [4, -8, 3]]
27dbf73c-86e8-11ee-8ec9-06d3d91a3a1d [[1], [2, 0]]
2ca66ce8-86e8-11ee-8efd-06d3d91a3a1d [[1, 0], [4, 20, 24]]
2b73747e-86e8-11ee-8ef0-06d3d91a3a1d [[2, 0], [1, -3, 2]];e^2
bf4ec97a-7a5d-11ed-b144-062e44504f8c [[-1, 0], [1, 11, 30]];e
2e7c0ee2-86e8-11ee-8f11-06d3d91a3a1d [[1, 0], [2, 6, 4]]
299c17be-86e8-11ee-8edc-06d3d91a3a1d [[-1, 0], [4, 16, 15]]
2a28db36-86e8-11ee-8ee2-06d3d91a3a1d [[2, 1], [1, 3, 2]]
2a1158b2-86e8-11ee-8ee1-06d3d91a3a1d [[1], [2, 1]]
2c01998e-86e8-11ee-8ef6-06d3d91a3a1d [[2, 1], [4, 4, 0]]
2a9f4816-86e8-11ee-8ee7-06d3d91a3a1d [[1, 0], [2, -6, 4]]
28df1074-86e8-11ee-8ed4-06d3d91a3a1d [[1, 0], [4, 0, -1]]
2d33c00c-86e8-11ee-8f03-06d3d91a3a1d [[2, 1], [1, -1, 0]]
27ad26d2-86e8-11ee-8ec7-06d3d91a3a1d [[-1, 0], [4, 12, 8]]
2e649690-86e8-11ee-8f10-06d3d91a3a1d [[-2, 0], [1, 5, 6]];e^2
27c48aac-86e8-11ee-8ec8-06d3d91a3a1d [[-2, -1], [4, -8, 3]]
288063e4-86e8-11ee-8ed0-06d3d91a3a1d [[-1, 0], [4, -24, 35]]
2d0486ca-86e8-11ee-8f01-06d3d91a3a1d [[1, 0], [4, -24, 35]]
2955a522-86e8-11ee-8ed9-06d3d91a3a1d [[-1, 0], [4, 0, -1]]
2dd832b8-86e8-11ee-8f0a-06d3d91a3a1d [[1, 0], [1, 7, 12]];e
28c7501a-86e8-11ee-8ed3-06d3d91a3a1d [[2, 0], [4, 0, -1]];e
2dc071a0-86e8-11ee-8f09-06d3d91a3a1d [[-2, 0], [4, 8, 3]];e
28afaec4-86e8-11ee-8ed2-06d3d91a3a1d [[-2, -1], [1, -1, 0]]
2afd7ed6-86e8-11ee-8eeb-06d3d91a3a1d [[1, 0], [4, 12, 8]]
e17d9e86-7a5d-11ed-b148-062e44504f8c [[-1, 0], [1, 7, 12]]
2c8eeffa-86e8-11ee-8efc-06d3d91a3a1d [[-2, -1], [1, -3, 2]]
2bba0330-86e8-11ee-8ef3-06d3d91a3a1d [[-1, 0], [4, -28, 48]]
2b2c9946-86e8-11ee-8eed-06d3d91a3a1d [[-1], [4, 0]]
2bd1a2e2-86e8-11ee-8ef4-06d3d91a3a1d [[-2, -1], [1, 1, 0]]
5a05a078-65dc-11ee-8aa6-06d3d91a3a1d [[-2, -1], [4, 12, 8]]
2ced093c-86e8-11ee-8f00-06d3d91a3a1d [[-1, 0], [2, -6, 4]]
86104c9c-7a5d-11ed-b141-062e44504f8c [[1], [16, 32, 12]]
2defe7a0-86e8-11ee-8f0b-06d3d91a3a1d [[-1, 0], [4, 20, 24]]
2b442c5a-86e8-11ee-8eee-06d3d91a3a1d [[2, 1], [1, 5, 6]]
2ace6dee-86e8-11ee-8ee9-06d3d91a3a1d [[1, 0], [4, -20, 24]]
2a406206-86e8-11ee-8ee3-06d3d91a3a1d [[2, 1], [1, 1, 0]]
2fafcce0-86e8-11ee-8f1e-06d3d91a3a1d [[1], [4, 8, 3]]
2fdf0bd6-86e8-11ee-8f20-06d3d91a3a1d [[1], [4, 4, 0]]
2c71c2aa-7a5e-11ed-b14b-062e44504f8c [[-1, 0], [1, 5, 6]]
29b3c6b6-86e8-11ee-8edd-06d3d91a3a1d [[2, 1], [1, -3, 2]]
2cbdf570-86e8-11ee-8efe-06d3d91a3a1d [[1, 0], [4, 16, 15]]
29cb71f8-86e8-11ee-8ede-06d3d91a3a1d [[1, 0], [4, -28, 48]]
2a582ac6-86e8-11ee-8ee4-06d3d91a3a1d [[-1], [2, 1]]
35f69d5c-7a5c-11ed-b13c-062e44504f8c [[1], [1, 0]]
28f691cc-86e8-11ee-8ed5-06d3d91a3a1d [[2], [1, 0]]
2ef2d96e-86e8-11ee-8f16-06d3d91a3a1d [[-1, 0], [2, 6, 4]]
2ba266f8-86e8-11ee-8ef2-06d3d91a3a1d [[2, 0], [1, 3, 2]]
2be934c0-86e8-11ee-8ef5-06d3d91a3a1d [[1, 0], [4, -12, 8]]
2a6fcc8a-86e8-11ee-8ee5-06d3d91a3a1d [[-2, -1], [1, -5, 6]]
2d4b8cfa-86e8-11ee-8f04-06d3d91a3a1d [[-1, 0], [4, -8, 3]]
